数据收集自 https://ngabbs.com/read.php?tid=17069396，截至2825楼，北京时间2020Feb18，12:00

十连三金共212例，来自以下楼层：
   1     91    106    116    125    126    136    139    147    149
 155    158    160    164    166    167    171    177    178    180
 191    196    208    215    222    225    229    240    246    259
 265    274    276    288    303    308    313    353    365    377
 379    380    381    387    392    406    422    428    433    435
 477    499    505    566    572    577    578    581    585    612
 624    629    639    641    643    653    692    700    705    711
 717    724    728    731    743    749    766    772    775    776
 780    789    811    816    827    837    845    849    850    861
 869    872    883    898    926    935    954    969    973    978
 997   1044   1059   1062   1063   1069   1070   1072   1101   1111
1115   1145   1150   1166   1189   1206   1234   1239   1326   1330
1337   1340   1345   1350   1359   1450   1459   1460   1468   1477
1497   1506   1513   1537   1546   1550   1563   1601   1609   1626
1676   1679   1719   1726   1744   1801   1812   1813   1830   1835
1839   1855   1874   1878   1910   1915   1936   1953   1956   1959
1993   2000   2016   2024   2046   2052   2059   2070   2071   2075
2096   2105   2120   2125   2127   2162   2167   2170   2214   2215
2218   2230   2238   2257   2270   2303   2311   2313   2326   2327
2335   2335   2353   2383   2387   2388   2390   2397   2399   2402
2431   2482   2631   2651   2658   2661   2682   2702   2730   2756
2772   2788

十连四金及以上共26例，来自以下楼层(被删除楼层是重复晒图，我一开始没发现)：
 172    201    301    386    504    530    598    600    655    807
 923    957    958   1139   1240   ----   1375   1395   1561   1887
1907   1935   2385   2572   2687   2757   2820

十连五金的两个楼层：
958，2687
